0.14473891793368343
0.041544178010734595
0.04934214364013498
0.17067759000924482
0.17186587081467056
-0.05593935730531878
0.07814728982643912
-0.01894663297736543
-0.000792504751742848
0.014504130930713455
-0.012788197175661384
0.16412353073437452
0.0779701056098221
0.041326590104326544
0.013502200877378353
-0.0014245569329742682
0.13984402076501498
0.03378705700814328
0.010681150690329926
-0.04132374485930336
-0.2653839540685393
0.15951016227120896
0.04059451184702506
-0.06541799209507572
0.2737444649965635
-0.1073280312990329
0.019171066130649894
0.031814254425749006
0.18481242239650786
0.13314731381910605
0.04062709279931395
0.07107309544360967
-0.0821100707294385
-0.22379517911756952
-0.002179945623563935
0.032026283053011986
0.09685732941296124
0.22542736704789576
-0.048215654195979576
0.05795988369800364
-0.16402616025205613
-0.13620152563749904
-0.2169639579216005
0.19310560122080783
-0.009118863183508548
-0.04468312280920413
-0.0746758811790206
0.0858686739882548
-0.14920477083094885
-0.009896643000196189
-0.07964622963811742
0.028421550200800037
-0.059325968123228344
-0.08155359873777196
0.007126654110507321
