-0.254617670518752
-0.12084817347835042
0.2852850427936494
0.19514270124493138
0.2455252689521879
0.039659842568903425
0.18857266041200005
0.13805344216059057
0.19490572777489767
-0.000600377289363685
-0.036200448893501824
0.2211778038928921
0.020924381257118596
-0.3503864527716035
0.14388045146315165
0.4715599451866943
0.18972830224104498
0.27411188017014704
0.05746595095489482
-0.029969210008229108
-0.6049208386096174
-0.038548174411351076
0.251137842604624
-0.5931377644034933
0.41530646598090487
-0.1020952182751701
0.3406783808622991
-0.024561643144331784
0.3115374864178747
0.11926258544227353
0.10894099578551567
-0.16140893711606313
-0.5384412065472373
-0.5025409529462139
0.6165899859936158
0.3064385975220663
0.041720113548776847
0.29771904417624434
-0.4872107277712417
0.012929224588881025
-0.0923279717179322
-0.5641205024404674
-0.1514559988646045
0.24225292767723275
-0.21022368859800009
0.1350529612057359
-0.028527669543981473
-0.029138648780337742
-0.08929908182212488
-0.2365663464834982
-0.45946283972593555
0.2600812838237476
0.3923436051479804
-0.17039436965388263
0.06704157712172455
-0.014137384168571396
-0.20935686370925508
0.06897378764786868
-0.07212734787415412
-0.026010526439435244
-0.2812269457532982
-0.14892436080385765
-0.2785330983114558
0.20168986044266066
0.030691588443156618
-0.08136117066729259
0.18785156470871398
0.022516727142947196
-0.21270629702082985
-0.22359814708365605
-0.02147519825521468
0.12226987781651642
0.10002645950458101
0.14181124553371224
0.057572282506864865
-0.02733867624980005
-0.038214750916290126
-0.10684128916528204
0.2669048391063288
-0.1722693445225262
-0.17394700852649633
0.12460690900660629
-0.14145260296951
-0.34207627512096417
0.04232243519320215
0.20987300818002647
0.011248773703013292
-0.11188023702244146
-0.04526128298222772
0.17386777892495955
-0.18619939771877486
-0.1160153348591401
0.26736925300890596
0.22568014907764616
0.35121427345160405
0.2741416021987516
0.11272954385682527
0.045842453519370434
0.041638074784776456
-0.009736241110603587
0.694069703206752
-0.2843534233184638
-0.25255610208253976
-0.1167003133383351
-0.027422924259558265
0.13100176622521614
-0.12632305897850607
-0.028094158571711627
0.4348111989853232
0.14925079672417457
0.3283775389031111
0.013921815154000806
0.07242023827564723
0.0037845064971857674
-0.06558420712815145
0.05547079670491476
0.30237258702168657
0.007093464634444066
0.4470294423067761
0.26434389109218376
0.28334557973965857
-0.006711344425643134
0.24355849659896564
0.14229429556623507
-0.03242403542216507
0.2579593462300748
-0.363682435400663
0.15302589823425614
-0.2674776113077033
-0.04463570195525887
-0.2660505193358027
0.24838497477935875
-0.14465913359405197
0.1349764502628732
-0.18610742342873865
0.09536617070544087
0.03619719353552534
-0.041804315825900114
0.04755632638499206
-0.44461465644791465
-0.17168255508587157
0.04768230556347624
-0.15499590253331233
0.22206784036042834
0.6551568628950173
-0.16060139448999491
-0.0858533621047481
0.5670237098925436
-0.06683242981431389
0.11612349168906216
-0.43528675317408255
0.14400535489938995
-0.16322869717151522
0.06554853238192128
0.11636952603141239
-0.18033942903266953
-0.07884800908202297
-0.5545254043456004
-0.2911481577383324
0.07167887490021227
-0.136750701525972
0.4149209545678648
0.012702710966179356
0.30530997705765167
-0.5278859295720945
0.16451025694603352
-0.3348965378184332
-0.3598677444307918
0.23305121747146862
0.07282865086659769
0.39786877490681666
-0.08827858465262056
0.07476985144984673
-0.05539160687204526
-0.12866228035906274
0.09374645735739294
0.18749816599496244
-0.09307731006529221
-0.1975795276649345
0.04097849452757354
-0.11728203708925865
-0.3679522280565369
-0.379381620879589
-0.1378955039673818
0.5054399476583856
-0.0013509906482962496
0.042526305716858975
0.11016040553611862
-0.3570369708447642
0.34412316481309724
0.49038152032805543
0.35541854296176373
0.24425356472579932
-0.14759914107254565
-0.14220334784150745
-0.12565502943061582
0.23171370531857108
0.06767307969741618
0.2794960488123079
0.16382897346783554
-0.019630770287474977
-0.15975735294346954
0.145498619025288
0.25991649149769025
-0.19069179239445383
-0.09607801708604403
0.028332308183673872
-0.07931219910769116
-0.18570189016437672
0.27325800318435883
