5.292157037902992
1.2004716251016698
2.9362139523172175
6.722679597604373
5.602673970449903
-2.9318336396292333
2.850265252576768
-0.45407162489309366
-0.30965655538067355
1.2317955058151169
0.432130713482634
4.362820520888925
2.28311317544098
0.36502504947848524
1.331589698236277
1.0010229821228005
4.482237219472818
-0.6154747912974026
0.9392031049527041
-2.5622872179051743
-7.658969447502236
1.9608557863210818
2.593308596578517
-2.226495061219326
6.809263871962823
-4.3630970237962945
0.1372755519043382
-0.5615515500775008
4.598337643075372
4.408076309700855
0.4648422770907489
1.1344875588065206
-2.6633572428903385
-5.942389404671781
-1.0437364479784579
0.46904690731194015
3.6908720421831624
3.607139546353234
-1.1619804522238568
-0.9069082517260068
-3.1456588952012776
-4.260053811536926
-5.118810571875038
5.852326185695369
-1.5289565452549605
-1.3142229048335592
-3.7583860801497786
2.3324710674957303
-4.8416935426738545
-0.6382208406419061
-2.686399683581027
1.1607074935777861
-1.532415412706619
-3.5418965523672363
-0.0845466850159646
