5.292157037902992
1.2004716251016698
2.9362139523172175
6.722679597604373
5.602673970449903
-2.9318336396292333
2.850265252576768
-0.45407162489309366
-0.30965655538067355
1.2317955058151169
0.432130713482634
4.362820520888925
2.28311317544098
0.36502504947848524
1.331589698236277
1.0010229821228005
4.482237219472818
-0.6154747912974026
0.9392031049527041
-2.5622872179051743
-7.658969447502236
1.9608557863210818
2.593308596578517
-2.226495061219326
6.809263871962823
-4.3630970237962945
0.1372755519043382
-0.5615515500775008
4.598337643075372
4.408076309700855
0.4648422770907489
1.1344875588065206
-2.6633572428903385
-5.942389404671781
-1.0437364479784579
0.46904690731194015
3.6908720421831624
3.607139546353234
-1.1619804522238568
-0.9069082517260068
-3.1456588952012776
-4.260053811536926
-5.118810571875038
5.852326185695369
-1.5289565452549605
-1.3142229048335592
-3.7583860801497786
2.3324710674957303
-4.8416935426738545
-0.6382208406419061
-2.686399683581027
1.1607074935777861
-1.532415412706619
-3.5418965523672363
-0.0845466850159646
1.284995611591253
0.19955166714950368
0.9074156932193442
-1.902966281042891
-1.0882234979614145
-2.017381343327853
-1.0786594846216238
-2.439438846133362
-5.17884780699503
0.5322784267612585
-1.2053428086247857
-4.890595040898134
1.3883467665773226
-2.7218950931497266
0.15583618738841687
2.1872716865326107
0.38694873227223203
3.4182020536299023
-3.704477461060958
1.207024923532647
-2.0544302728209396
-2.6123914475456456
-1.7365489942932464
-0.934657596382118
0.1684960266892363
-3.4954495223500697
2.7024794608625613
1.3969873191913795
-4.608731058831671
4.4647565813867995
5.687667528091749
3.536338713478952
-0.5397745074370528
-3.2122578645316278
3.1633551807934097
-1.2095308409195389
3.6673352111472823
0.6248249342305809
2.9299171094511385
1.0690991915232058
2.1197195045758446
0.031500062162461435
5.357611481717505
0.38073627811085975
1.205968090334105
5.649452091168763
-4.043277183427339
-3.8114549954572006
2.9081901244740336
-3.5193702153424797
5.830863556947878
-1.2408569422792421
-2.2423644343222735
5.768826079441154
4.441544374303273
5.602676881279709
2.7181339748261557
-2.5836770551641077
5.730194859297101
-0.8040101128541411
2.4073691873891856
2.841755903321244
-0.46503027927250257
1.8422381110382409
2.7666200146995803
1.1292765934668882
-3.2982023717525832
0.8947145226181679
3.9791576900610908
-2.0837035791940965
-0.4489036209830123
-1.3054606551649124
5.547791185438026
2.0168842710373065
1.2223855087233313
-2.309748223335949
1.6177475738754516
-2.022997981972128
0.09549167482305354
-1.9075382351366428
2.0292998848394994
1.7297724498448228
-0.6248962667339846
1.1880201379849358
-3.2791845261915173
-4.473772778116817
1.3181751037936107
0.5000204861175871
1.9050943106763192
7.149434324591827
2.8334384609712417
-2.7384666763324756
3.351048864287559
-3.9477222315345637
-1.384753814444127
-0.2047248159738937
5.1400281649481
-2.2342644661453197
-2.4793156159770433
-0.2953575732762969
-1.9904348590863221
3.379907766319521
-3.2397945250902698
-3.4424059572333072
-1.313460134233302
-1.4940973520769147
5.788596161450958
2.8482624207772824
0.2626537241555727
-3.6763065564905038
2.5330889292046415
-3.000646042168694
-4.634313290332835
3.5640893770569053
0.9508278357745489
2.7625764713424568
0.9561829588290636
2.5704918357080735
-1.9530767799004405
-3.102728525353394
2.044783554844881
-2.4102289925215232
-2.0686493332506015
-1.3665975105520294
0.052437477075170186
-1.0619817337604518
-4.124853880254056
-1.9308552084986714
-6.67020945667328
1.8756943530815624
-4.806172966820243
-3.3131500182853517
0.1564952377829232
-2.21868898917394
4.629043786220207
-3.8785707291703457
0.8011526080475488
-0.11784845468248681
-3.5042804932235923
1.569829981595261
-0.5146389936667444
2.315371653641002
2.4705124618911944
6.4897078478420696
4.009583848309176
-1.1075455138273307
-0.7181375327277791
3.2989787876613397
1.9657911921677935
1.9203945782927763
-4.850868132932503
-0.0729783731968069
-2.214092727617066
0.8397737971297148
-0.2944511689288738
