1.6962114708974827
0.4990470587428555
-0.18757783957205953
2.4447193249501695
2.402026442902746
-0.8147331574868694
1.113413146642222
-0.32469443251882546
-0.13465552324887886
-0.3987958996014176
0.25664073428235534
1.9226225099801064
0.923369666190206
0.09029580275414137
0.30626484052047676
0.44655465119079213
1.6719605084751405
-0.15614458483528462
0.6776158229616523
-0.7969818663172787
-3.166460200722585
0.6788894989482414
0.9337162379843423
-0.8048964998679498
2.6658307812100435
-1.5466019386644754
0.15599559592898382
0.6879097612902743
1.746461542595002
1.5427350475513903
-0.23008604289654833
0.4549463791139944
-0.9778422853015248
-1.6545180128990393
-0.8597852582184369
0.12214546113076984
1.2354125518458872
1.5385105647336494
-0.28018563178388795
0.14246771699649274
-1.0856998076088633
-1.551031761175679
-1.9461607818332838
2.0254456435786197
-0.7316147533553494
-0.3284097379434061
-1.3879056546557789
0.7170865651571747
-1.5315497574292227
-0.17904128847043824
-1.0416608198448898
0.1709075199551536
-0.4300862510844573
-1.4252764233060633
-0.06805042546055104
