8.259243588582933
-16.142072758720005
4.112883248404535
8.259275917972808
0.846702432769485
8.259179766743106
-3.775753260700118
-5.3210253966
-1.0769258154692343
8.259146146740859
8.259216697286877
8.259161221717843
-9.692851353341585
-12.433198709053853
-0.021559113920838105
0.846800924625109
8.259239610460831
4.341268676752201
-1.6140626577660275
-16.1418458403889
-1.1147649937886597
0.5423373720656459
1.1487233937415617
0.22596939388873744
1.1487257776520885
-0.011492744543948354
-0.2852601378112953
0.549125012684448
1.1487304296386545
1.1487413633908188
1.1487461976539126
0.4573362360263747
-0.017923426800232588
-0.05615143001951304
0.22597677829006377
1.148739596478852
0.8528323544127161
-0.285187473201847
-1.1147376667906077
-0.06947638281688509
-1.1147649937886597
-1.1117555497204958
-1.1147649937886597
-1.0785774007762217
-0.009628824951165073
-1.1102604853009237
-1.1147649937886597
-1.1147649937886597
-1.1147649937886597
-1.0978944549946132
-0.0030084593502123004
-0.015577820187751674
-1.1117555497204958
-1.1147649937886597
-0.4386797742317897
-0.06257311257151296
0.0
0.5423628734948246
-1.0308565042433917
0.5423566796897779
-0.7831074765396564
-2.05335151221801
-2.3190276236590375
0.5423478253817364
0.5423398292595523
0.5423382734228894
-0.18578842608240187
1.7566904570418282
4.011640166013314
-1.0308652433201246
0.5423298613890823
0.07518393848880996
0.9893804452129711
-0.06948774700012951
0.2259808233618008
1.1487412589195711
-0.011471652110448441
-0.28526104277411324
0.5491139318613579
1.1487323421341533
1.1487437353333554
1.1487348060546212
0.45733742898845353
-0.01792036250539583
-0.05615236374360918
0.22597068749546512
1.148730064976088
0.8528188373256983
-0.28517293263085886
-1.1147376667906077
0.2259750050238362
1.5325767061535045
-0.15636396282939044
1.7258643823552913
0.22597588407728847
0.22597456731292104
0.22596035065393338
1.1791197199904824
-3.617143829738271
-1.7564690402276082
2.5079225321614564
0.22595880613304403
-0.4485433145483587
1.992109347068836
-1.111747602860448
-0.011511745185683498
-0.2852464336337292
0.5491133876978432
1.148708287093866
1.1487187908228633
1.1487144965831702
0.4573203316436767
-0.01791394811858309
-0.05614472588148427
0.22599222347105133
1.1487323468053119
0.8528165914899503
-0.2851670761168753
-1.1147376667906077
0.4994690600384324
0.4888117054467203
-0.011503956443916328
-0.011497543230792667
-0.011500521924962299
-1.761539709160687
-2.8134226479233018
0.8004832486805049
1.5325545608253541
-0.011476215911463734
0.6012299682700506
-0.7466511834628169
-1.0785679037767877
-0.08169453361168147
-0.2852584138844019
-0.28525776644530054
-0.28526297507576165
0.5973815886335395
-0.1379452723229144
-0.569796173955745
-0.15637750227640015
-0.2852582506110827
0.6221867245276972
-1.2883821679093204
-0.009625932884146732
0.5491135013395635
0.5491075171899259
0.5491082177672847
3.0525206987914224
-2.482032678859302
-3.3942941370852235
1.7258518931843367
0.5491140677029793
-1.0614231167756922
-0.5630112532510974
-1.1102574210060754
1.1487363063496823
1.1487402245198046
0.4573385689754345
-0.01792471281536697
-0.05615125033280266
0.22597663952721836
1.1487391977735257
0.8528145271459119
-0.28517966564525493
-1.1147376667906077
1.148752382122342
0.4573404979277276
-0.017924666978888285
-0.05614925939681988
0.2259920088976132
1.1487440228001995
0.8528030494337278
-0.28518053913089647
-1.1147376667906077
0.45733537684029385
-0.017923345845319644
-0.056150014625462055
0.2259682874452993
1.14874441447897
0.852809761539996
-0.28518489557280585
-1.114737881550903
-1.9446148785585706
-6.164739364270885
1.1791445718514821
0.45733493622378
-5.372954701970358
-1.3134130111076574
-1.0979028390882666
1.9849539431859127
-3.6171468838599825
-0.017923345845319644
1.0754355091374623
-2.4636632535102705
-0.0030182303715045942
-1.7564586543310745
-0.05614838214921241
3.850697971704389
3.5282533732546417
-0.01558668718279292
0.22598996392047246
-0.4485427253700854
1.9921206900955672
-1.111747602860448
0.8528182153104139
-0.28517341556282594
-1.114737881550903
-0.9977176909406827
-0.43868482069971376
-0.06257962202252815
