3.4418117876411642
-9.783387916192002
-9.778523429044832
3.445832933195597
3.442186599167749
3.440432380348236
3.443531880450924
-9.778502289470612
3.440734228592743
3.4418804891725814
3.4457951911303377
3.445819862038142
3.4421685889560134
-9.778333953649645
-9.778488413504045
3.443187037985151
3.442823241900819
-1.850091527677658
-9.778512352959188
-9.77851929624164
-0.6823204716548059
-0.6819916277047761
0.664825157764806
0.6639937999888386
0.6642734280309719
0.6645846560196351
-0.681991762726687
0.664154468966454
0.6642885307980088
0.6648238557416044
0.6648238557416044
0.6639959350444915
-0.6819800507928123
-0.6819907975407161
0.6645816406428222
0.6641414124978132
-0.0066046324089732615
-0.6819912679180171
-0.6819912679180171
0.0
-0.6823204716548059
-0.6823204716548059
-0.6823204716548059
-0.6823204716548059
0.0
-0.6823204716548059
-0.6823204716548059
-0.6823204716548059
-0.6823204716548059
-0.6823204716548059
0.0
0.0
-0.6823204716548059
-0.6823204716548059
-0.23090250403137297
0.0
0.0
-0.6819915376994469
-0.6819915376994469
-0.6819915376994469
-0.6819915376994469
0.0
-0.6819915376994469
-0.6819915376994469
-0.6819915376994469
-0.6819915376994469
-0.6819915376994469
0.0
0.0
-0.6819915376994469
-0.6819915376994469
-0.23064216392671233
0.0
0.0
0.6648499320059296
0.6643636300831671
0.6648966262331771
-0.681991762726687
0.6642880096939512
0.6646251271607383
0.6644643279831809
0.6644637886700372
0.6648477612324808
-0.6819802379609646
-0.6819911718770256
0.6648500989742925
0.664861849011831
-0.006058004125405474
-0.6819916422543253
-0.6819916422543253
0.6641432518933927
0.6644690084329828
-0.681991762726687
0.6642877269469538
0.6642790058485758
0.6648502705520933
0.6648490269050945
0.664423091598894
-0.6819802379609646
-0.6819911718770256
0.6644227172625837
0.6642999194596801
-0.006284725879370634
-0.6819916422543253
-0.6819916422543253
0.6641856952233217
-0.681991762726687
0.6643094715293917
0.6643516142896186
0.6643688849711487
0.6643645441809052
0.6641441660038753
-0.6819800057901466
-0.6819907975407161
0.6641510368200111
0.6643097449416855
-0.0062826837219085675
-0.6819912679180171
-0.6819912679180171
-0.681991762726687
0.6643392076392473
0.6643256600240406
0.6649067029698535
0.6648938585558094
0.6644712595925509
-0.6819800057901466
-0.6819907975407161
0.6644382979768821
0.6645444421587424
-0.006342258835534741
-0.6819912679180171
-0.6819912679180171
-0.681991762726687
-0.681991762726687
-0.681991762726687
-0.681991762726687
-0.681991762726687
0.0
0.0
-0.681991762726687
-0.681991762726687
-0.23061814398711453
0.0
0.0
0.6643352910138483
0.6643006789348492
0.6643232502250805
0.6643111970538028
-0.6819800057901466
-0.6819907975407161
0.6643130879012605
0.6643103966177414
-0.006561160223218602
-0.6819912679180171
-0.6819912679180171
0.6646225695148585
0.6646233020746429
0.6642776588227116
-0.6819800057901466
-0.6819907975407161
0.6643289172320377
0.6643390159581263
-0.006611265908768501
-0.6819912679180171
-0.6819912679180171
0.6644629501919253
0.664850861290401
-0.6819800057901466
-0.6819907975407161
0.6648459252711336
0.6648609286298773
-0.006118881999329622
-0.6819912679180171
-0.6819912679180171
0.6648530925193813
-0.6819800057901466
-0.6819907975407161
0.664856930310172
0.6648667923431322
-0.006119022803291723
-0.6819910015729572
-0.6819910015729572
-0.6819797844477502
-0.6819905311956563
0.664425505498179
0.6643077419526227
-0.0063419270684879235
-0.6819912967323585
-0.6819912967323585
0.0
-0.6819800796071526
-0.6819800796071526
-0.2306138796364687
0.0
0.0
-0.6819906391869046
-0.6819906391869046
-0.2306176150042022
0.0
0.0
0.6645718301182454
-0.006344105398588304
-0.6819912967323585
-0.6819912967323585
-0.006628890719838863
-0.6819912967323585
-0.6819912967323585
-0.23063495429920053
-0.23064189758165232
0.0
