0.2682996968835294
-0.06248540171771788
0.07322735352365183
0.17928386929310125
0.1693123282268932
-0.05912647160233092
0.19020187918130255
0.1299783052739102
0.08441660396889905
0.04093241635129441
0.039980446169230195
0.3407396739215382
0.0663145727614418
-0.057624386245845705
0.06942723814561046
-0.00894891083012248
0.12974840595341197
0.12081945616653555
0.0425605494687597
-0.2303103730904525
-0.38429240252595137
0.21779535049858142
0.03302257540602964
-0.009384835036399102
0.25390176593784125
-0.11640612801882456
-0.12097297908752734
-0.009686795660104148
0.20603123898354447
0.08180955171597867
0.1825760250276612
0.039491756379488915
-0.20707540957313822
-0.34129450180276427
0.026762533225425145
-0.08114038081444137
0.01172904501934242
0.24534133120240573
-0.1689177541154323
-0.14082578754711914
-0.13151168040087144
-0.14074990683221195
-0.2602312635235272
0.07954754017826197
0.00030234416514211024
-0.07524570430922908
-0.06543986220706499
0.06734842931051202
-0.22046518931053163
0.12458808764772077
-0.16336784847983482
0.06499454205440601
-0.09885045339995642
-0.09572842899466204
-0.07866367286752105
