32.33797646393117
-21.523853470752393
3.2333112060363636
32.33798390294514
-12.750301925505518
-10.395958113512416
12.301124016411322
-4.558660620995763
-12.750247271514429
-30.09273755692238
-1.6865493823105508
3.3347136949291283
8.58821219490179
-0.1713531030978805
-1.9164384836015476
5.751546277981122
5.992505109295166
-0.1713458365939115
3.7784614890919253
-5.86914490350398
-1.6865520182795164
-10.637595018974565
9.576510428707644
-0.9476978611147205
5.50770731374863
-10.637587449004497
3.8457497668461254
3.3346979868602102
3.2395961501970043
20.09647444781058
0.4330747162023283
-0.5946135532799914
3.2396061254189195
-25.0
-0.17135546421547873
-1.9164372232947662
5.751555964445719
5.9925280227417534
-0.1713539834512638
3.7784554985687495
3.618069933124767
-4.017442992072168
-16.496538149309526
17.613784897412636
-3.8678624766926357
-4.8309253331310265
-6.152937669687755
3.61809037213716
-23.0949323212534
6.9565130418729115
-4.017452617999983
3.8969972247064977
-16.49654321461111
5.569031288367929
-3.867868802698142
