30.649524702132094
-8.815411045711068
9.715192547628714
44.32857100780239
10.161920562847591
-11.087788387525867
21.452317841288718
-4.359451788103367
-6.8996311152943495
-28.672281813415303
0.3632365242929907
12.083652015698474
6.605341402162272
-2.4682351478262925
6.797793079105231
2.917660139344275
9.921787968857606
-5.389419742809337
-3.7134331275861823
-14.289014771595985
-3.228708239148241
14.348291829235011
12.89499434681583
0.5979301692578162
10.473827260113168
-15.88427868654696
-1.3054270818645894
4.475206015832651
3.776708272182352
21.162962546031792
1.1245980602433467
5.593544731713953
-1.2302324719125453
-24.99995274102146
4.878560476675252
-0.4522366389929022
6.9074800241599235
5.901585239748615
1.985329251324027
7.050791342878745
-15.254887776463377
-2.722705591168187
-18.2716751503968
23.670905400040038
-5.46504238560065
-3.9318521253151464
-19.060287689444387
18.569677764498856
-24.06824008276594
10.439148201497428
-5.623869551064289
7.434556189374591
-21.752382537520276
8.211200057886654
-3.1297490816426223
