20.131460620109536
-12.33024473218258
2.5982472923911724
20.13140819867716
-8.511868620329478
2.5982367051861344
20.131504026799995
-2.2117456710560544
-8.511678904926699
-16.698461022518163
-0.1284059415393152
0.9280933607993092
4.607411901150619
-0.6188651045317104
0.9281707221576512
4.607448109270455
3.087624608347012
-0.618835326842722
2.481344938679891
-0.2589060678810886
-0.12840268366146132
-5.279082016437021
-0.2588961181633276
-0.12838481908578034
3.0058531039751735
-5.279081573959373
-0.4918026998966383
0.9281872874423076
1.1007462997257291
13.613431958125929
0.9281623112507573
-1.2059298056772203
1.1007837415722712
-13.401339379497735
-0.6188322273469089
0.9281467815559761
4.607443756163856
3.087571638049566
-0.618835326842722
2.4813476629596796
1.1007306287099952
-0.618811051371505
-8.806236739286577
8.81642807056965
-1.8204337974021048
0.9281174585057509
-1.2058835694637675
1.1007848278324903
-13.401361573884683
3.0876101315540865
-0.618808443570986
2.481319701492211
-8.806233642899109
3.1963789966509837
-1.820420384711644
