5.2588988163463934
-8.164362861206946
-0.20421996695066957
5.258888280864926
2.4034360467217675
5.2589231618134615
-1.6621194571943425
-1.1521131850513113
0.1813705532569876
5.258872859850799
2.819755344837163
5.258910471237721
-3.327920300519087
-5.289594679582358
1.2096542899506317
2.4033987009167506
2.6655569138714172
0.98840742316107
3.35945602139081
-1.7509711047880048
-0.5637306454232125
0.40628580536756503
0.7940557664023384
0.17787921478991367
0.7940518586919945
-0.25315508340065096
-0.19405523731370516
0.5161621521056882
0.7940491963789427
0.47928828260166784
0.7940487219004373
0.19864834446727436
-0.14969955414094455
0.005357824109749229
0.17787274556755764
0.49175306616089454
0.1897520734701256
-0.0639898535882629
-0.3797427409043045
-0.027359192342223417
-0.5637303746591644
-0.5626193697208265
-0.5637303746591644
-0.5495928068336422
-0.0032722118119814514
-0.5633660013593788
-0.5637304219337124
-0.5635841540783828
-0.5637304219337124
-0.5564863443131738
-0.0001915735320345224
-0.006018076808302942
-0.56261914623134
-0.5635506886908581
-0.23583389397813412
-0.02370396942408018
-5.1997176326711306e-05
0.4062882643978382
-0.9422786987243924
0.4062878271419354
-0.7006546025848284
-0.1804442391531472
-0.7369692128946367
0.4062892348018854
0.5166689893455653
0.4062901893744694
-1.5071081484831947
0.6688792804832909
-0.7702806615163803
-0.9422804452920012
0.7675505186591421
0.08085198834343
1.1090334147133931
-0.3578707648376971
0.17788250134628777
0.7940602606619839
-0.25316206704573246
-0.19405240932853074
0.5161608802389355
0.7940496228717271
0.47928523283213803
0.794052709535789
0.19865599787650623
-0.14970073550555185
0.005351553734557974
0.17786889722030022
0.49175238471978105
0.18975345012591158
-0.0640004990023105
-0.3797498069928334
0.17787590103513426
1.2300328271828187
-0.11726418924959318
0.11432995231974226
0.1778699275890377
-0.1389363705420908
0.17787918282446125
1.1709556563384362
-0.9589233488060015
-0.09594352877622024
2.366363838162606
-0.12709150609237999
-0.8172114809277063
0.9389832861760071
-0.35994941004060205
-0.25314021335308834
-0.19404883978800805
0.5161646215720754
0.7940556917484377
0.47929083029292235
0.794059846396041
0.198644462713914
-0.14969437990911297
0.005359200978341517
0.1778620065069033
0.4917608784743196
0.18975275497533572
-0.06399848418677269
-0.3797493469764763
0.33214463279595685
0.3155689165343974
-0.25314966598732686
-0.6222902365409146
-0.2531493056063439
-0.427968461384084
-0.8979943344860869
-0.42956924851937195
1.2300302631007047
1.326136212709173
0.8398495504215695
-0.733533158115383
-0.27144833439829685
-0.14372069897786668
-0.19405976157570878
-0.16594650195064886
-0.19405894754923375
-0.09224827418578294
-0.017285229209989185
0.052773800253656716
-0.11726434494779109
-0.17808154550343377
0.5375708592892989
0.3270284274200588
-0.02368935341050511
0.5161621133340591
0.2002183181797939
0.51617461548096
1.1274263240075724
-1.129291699266041
-1.22782012345125
0.11433214942524624
0.21188881828589848
-0.564974835451944
-0.24132537914214677
-0.364886358343682
0.47928790538879434
0.7940508949395338
0.19864545613536785
-0.14969712721461703
0.0053539565950672715
0.17788751970515132
0.49175821056098545
0.18974968504742817
-0.06400000118877584
-0.3797468006320675
0.4792887692122433
-0.1385028857548301
-0.14901577818974596
0.026875884630792147
-0.13893072342164536
0.17565710381413702
1.3274513678677144
0.05781110210375399
-0.37888462927280214
0.19864341190552293
-0.14969252351850457
0.0053530357628220684
0.17788010418169767
0.4917615319140976
0.18975685512865836
-0.06399733556572362
-0.37974640050417513
-0.8638969801678593
-2.277869555365192
1.1709582927532738
-0.13026605557778265
-1.7727800831710971
0.20961518240635177
-0.09544248520578275
0.7786865565937329
-0.9589229258713875
-0.14889350839897056
0.33399791020763875
-0.8943227857239174
-0.003960195959321338
-0.09593939085825669
0.0485504386944948
0.33446668374116195
3.3241136363211323
1.517853443948084
-0.12708022005584696
-0.8172112401423013
0.9389809697125001
-0.35995166424306196
0.7265661008122609
-1.8364095007310075
-0.37786819431937707
-0.7054229423314495
0.62439998406755
1.359103853947527
