4.427268983270146
0.3232898208546122
2.6338101473890565
4.555195557369085
3.8904432014027144
-3.5660157533660812
3.521291591503159
-2.38787655260759
3.0795207159770133
-0.49354576865050426
1.6274563671898263
2.3115503693144217
1.8091870662261973
0.8714916913081424
-0.1980284135565605
0.3044146997715718
3.592431870335879
-1.163651434709284
0.7228346282399128
-0.8844973948872389
-5.169421899095942
1.3132896516254404
1.5528713460416455
-0.47634159395723885
3.321059399280123
-1.9465990367648864
0.7162757989481271
1.390015941144401
2.0818448172932817
4.566813306436327
2.708360575229402
0.7151870028852081
-0.8877526102674809
-5.4773103485741945
-0.6258690965406551
1.3778589703963113
0.4137998252936616
2.4396858844115745
-3.206599866690765
2.2949344969941476
-1.8514013496321047
-3.5498227016847084
-2.0698631744624625
2.689243454258063
-0.6458884416247078
-0.5985676526385463
-4.5674085624939655
1.2888644501942248
-4.493871972493668
-0.49010752059663304
-0.9047611262244687
2.4155217433412584
-0.013686677674010066
-4.056762797887391
0.195895203234538
