5.882080825961405
-19.74672847412208
-19.746926386081974
5.882075990233805
5.881965883132944
5.881898388517829
5.881934814982469
-19.746469802893106
5.882116942969032
5.881950028114378
5.882114827634943
5.882105877786359
5.882093430553052
-19.746466515931598
-19.74643775417939
5.882095865654654
5.882091137560951
-5.918360725148856
-5.21550309597208
-19.74667868834232
-1.3777428636712097
-1.3777570002397737
1.1722513726696977
1.172256739178443
1.1722346717043022
1.1722491229947851
-1.3777263555305113
1.1722365306102895
1.1722127133429792
1.1722377331896174
1.1722380396995797
1.1722206846399823
-1.3777256339779582
-1.3777242841068833
1.1722409354657028
1.1722309800576192
0.0005185093634000412
-0.16888357288234093
-1.3777381184628372
0.0
-1.3777428636712097
-1.3777428636712097
-1.3777428636712097
-1.3777428636712097
0.0
-1.3777428636712097
-1.3777428636712097
-1.3777428636712097
-1.3777428636712097
-1.3777428636712097
0.0
0.0
-1.3777428636712097
-1.3777428636712097
-0.458189125341775
-0.00013790993357540128
0.0
-1.3777570002397737
-1.3777570002397737
-1.3777570002397737
-1.3777570002397737
0.0
-1.3777570002397737
-1.3777570002397737
-1.3777570002397737
-1.3777570002397737
-1.3777570002397737
0.0
0.0
-1.3777570002397737
-1.3777570002397737
-0.458189125341775
-0.00013790993357540128
0.0
1.1722511109219123
1.1722416469285621
1.1722416469285621
-1.3777263555305113
1.1722428677354155
1.1721880844220423
1.1722267203453964
1.1722315907830818
1.1722372451706549
-1.377726801814373
-1.377723103612295
1.1722284500297047
1.172235773840389
0.0005254214451739949
-0.16888350485863507
-1.3777373843170078
1.172204189300997
1.1722186700933999
-1.3777248663778996
1.1722186700933999
1.1722119544072835
1.1722557015665347
1.1722321799496689
1.172204315787749
-1.3777254391485159
-1.377723103612295
1.1722359501875614
1.1722254812866677
0.0005357138870648717
-0.16887440070469306
-1.3777373843170078
1.1722195107579871
-1.3777248663778996
1.1721972894607795
1.1722299361465756
1.1722352038874921
1.1722160107125814
1.1722252778257167
-1.3777241638294062
-1.377722476949164
1.1722556912907527
1.1722227348345908
0.0004968754211482634
-0.16887080364524956
-1.3777383334282325
-1.377726140565113
1.1722447635976387
1.172221086751657
1.1722300601937943
1.172230057227827
1.1722488735207477
-1.3777244862775009
-1.377722476949164
1.172224410177534
1.1722252036485956
0.0004996245509076171
-0.16887228568101234
-1.377739822580845
-1.3777246514125039
-1.3777246514125039
-1.3777246514125039
-1.3777246514125039
-1.3777246514125039
0.0
0.0
-1.3777246514125039
-1.3777246514125039
-0.458166018303466
-0.00015707437567763694
0.0
1.1722358029484359
1.1722339330592477
1.1722339330592477
1.172244320607433
-1.3777244862775009
-1.377722476949164
1.1722374432719216
1.1722780315949572
0.0005243784824748178
-0.16887079347823
-1.377739822580845
1.1722366178778185
1.1722420214356124
1.1722577875720042
-1.3777241638294062
-1.377722476949164
1.172243872821472
1.172243740927653
0.0005164161599641881
-0.16888078171248577
-1.3777383334282325
1.1722626251527997
1.1722374033925427
-1.3777237576730341
-1.377722476949164
1.1722410698416112
1.1722314945096746
0.0005068793816392633
-0.16888225186103564
-1.3777383334282325
1.1722271094682137
-1.3777239726384334
-1.3777222619837666
1.1722255842483378
1.1722236529333991
0.0005399369787301293
-0.16888225186103564
-1.3777378532433964
-1.3777239726384334
-1.3777222619837666
1.1722663876588693
1.1722219003489243
0.0005091527017152196
-0.16886119214902945
-1.3777366133231677
0.0
-1.3777234412744754
-1.3777234412744754
-0.4581655381186264
-0.0001534497444355903
0.0
-1.3777217306198093
-1.3777217306198093
-0.45816435762403673
-0.00015659419083839844
0.0
1.1722250913225807
0.0005091527017152196
-0.1688582251220991
-1.3777366133231677
0.0005209038907461671
-0.16887554315510564
-1.3777366133231677
-2.850315005809942
-0.45820987175537514
-0.00013790993357540128
