3.07038681965712
-6.317920874706291
-6.317852516031211
3.0701851066467447
3.070544226111991
3.0706101517934092
3.07059584225095
-6.317902217955702
3.0703450990944523
3.070692717352889
3.070274574616197
3.070278326873714
3.0702505513642446
-6.317664053792592
-6.317899620123607
3.0705680899652323
3.0703298488244206
-1.2424359865881578
-6.317898227052841
-6.317899136561475
-0.4407086864547914
-0.44070439818725987
0.49280859968682866
0.49282283857437664
0.49284932821298927
0.49284938481470697
-0.4407077160415489
0.4928085797101627
0.4928452103167683
0.49283051940477296
0.49283051940477296
0.492838045126966
-0.44069200594102975
-0.4407077748290019
0.4928344372333757
0.4928279779440306
-0.008584823302359334
-0.4407074749098221
-0.44070742656207157
0.0
-0.4407086864547914
-0.4407086864547914
-0.4407086864547914
-0.4407086864547914
0.0
-0.4407086864547914
-0.4407086864547914
-0.4407086864547914
-0.4407086864547914
-0.4407086864547914
0.0
0.0
-0.4407086864547914
-0.4407086864547914
-0.14799914064570666
0.0
0.0
-0.4407041696661682
-0.4407041696661682
-0.4407041696661682
-0.4407041696661682
0.0
-0.4407041696661682
-0.4407041696661682
-0.4407041696661682
-0.4407041696661682
-0.4407041696661682
0.0
0.0
-0.4407041696661682
-0.4407041696661682
-0.14799426140448496
0.0
0.0
0.4928087293369467
0.49281351663353595
0.49281333597101173
-0.4407077160415489
0.49280859968682866
0.49281055473141105
0.4928290496514553
0.4928290496514553
0.49281472520217956
-0.44069200594102975
-0.4407077748290019
0.4928251354354498
0.49280590401125585
-0.008583953549138662
-0.4407074749098221
-0.44070742656207157
0.4928621728083803
0.4928598714637286
-0.4407077160415489
0.4928950604302258
0.49288478718033724
0.4928085574059229
0.4928134012925819
0.4928010624189849
-0.440691834010008
-0.4407072590359362
0.49285046998310555
0.4928584531363138
-0.008586020244457161
-0.4407074749098221
-0.44070742656207157
0.4928875152456313
-0.4407077160415489
0.49282211430084466
0.49287607003779066
0.49282270520304616
0.4928164248179812
0.4928184183634993
-0.4406921943601686
-0.44070782171887823
0.4928953196665244
0.4928314413172654
-0.00859826151757712
-0.4407075527230739
-0.4407075197648953
-0.4407078246339451
0.49283133637513765
0.4928839861576273
0.4928087717392312
0.4928087717392312
0.4928324729641393
-0.4406921943601686
-0.44070782171887823
0.4928308978693733
0.4928388005249429
-0.00858452618595609
-0.4407075527230739
-0.4407075197648953
-0.4407078246339451
-0.4407078246339451
-0.4407078246339451
-0.4407078246339451
-0.4407078246339451
0.0
0.0
-0.4407078246339451
-0.4407078246339451
-0.14799417770157972
0.0
0.0
0.4928552931292214
0.4928326171677107
0.4928256712311319
0.49282550437601386
-0.4406921943601686
-0.44070782171887823
0.49282431835692364
0.492801768170864
-0.008591414990278113
-0.44070745952025
-0.44070742656207157
0.4928260999661219
0.4928242025920172
0.492840148765907
-0.44068731511897435
-0.44070782171887823
0.4928729762110962
0.49282577601347566
-0.008589532467494306
-0.440707475054054
-0.44070744209587587
0.4928229345411918
0.49282018907214925
-0.4406869395234743
-0.4407072437905968
0.49282593734924607
0.4928279077367557
-0.008588582396153685
-0.440707475054054
-0.44070744209587587
0.4928208361566298
-0.4406869395234743
-0.4407072437905968
0.49282950500142964
0.4928367730347558
-0.008588501088742397
-0.44070694861812887
-0.4407072531026882
-0.4406869395351207
-0.44070758766428736
0.4928139072319216
0.49281511859750216
-0.008597319458221819
-0.44070688716040834
-0.44070706564950934
0.0
-0.4406916313231364
-0.4406916313231364
-0.14799652880814818
0.0
0.0
-0.4407074002111087
-0.4407074002111087
-0.1479940991700465
0.0
0.0
0.4928340547442561
-0.008580198522824704
-0.44070688716040834
-0.44070706564950934
-0.008587316390383395
-0.44070688716040834
-0.44070706564950934
-0.14799637393928994
-0.14799648819983585
0.0
