30.091718775429694
0.5882080114780761
16.582058859578968
28.802148952866595
27.784987807234927
-12.541380939689683
-2.23619268029917
-0.1359136442440141
-1.1111199457508745
-6.9939170511503335
5.500441389409982
10.55050143948886
3.2165931676373476
-2.038423594760549
1.8619394512823366
7.024577556562802
12.659378495054368
-6.182623494727702
-1.5395541212910808
-9.408205091581697
-14.99817243073445
4.002088773404657
14.150915289411161
0.23006285495843046
5.842596329229077
-7.357225138037758
5.045586876332641
1.497428054565263
8.843119357270808
17.270362067301228
3.5095895805655615
8.578664904624542
-0.09096986867570536
-25.0
2.9251695505760282
-5.700245117863783
13.532125493117302
5.567892017454554
-2.2674485066798145
13.149947322468105
-4.348705258294745
-6.34873548184363
-10.807418754099164
25.0
-3.4899061916298897
-5.046409613946453
-2.029743712910673
7.243900189344401
-23.709364325650302
-8.48341336382952
-12.680640590475019
5.517160169294825
-18.221035577456565
-1.1979931748170258
6.894204333607667
