18.095333175812343
-93.92256933655682
45.29121730740916
18.09540119003655
7.941825672480533
18.095596345333266
-23.909984737540125
-93.92245858246221
7.9418734007397065
18.09553451774014
18.095617354963053
18.095567647648643
-54.72232209363435
-26.14143858121975
17.112605254072868
7.941781047395676
18.095439603612927
-6.184388683786049
-22.88573503960135
-93.92250812241365
-6.520086366583793
5.453995946463641
3.5959866104611717
0.7266122062496672
3.595989607286637
1.3992511948001598
-6.520084535892771
0.7266134784519638
3.5959707370599596
3.595983865754105
3.596003058801844
1.4648237496086907
2.142111539393579
1.5120485731702398
0.72660441322717
3.595980263830491
1.5239547346088824
-3.4423004147974057
-6.5200879642419105
-0.46341741257265495
-6.520086366583793
-6.34947849237285
-6.520086366583793
-6.193489820604981
0.0
-6.34947849237285
-6.520086366583793
-6.520086366583793
-6.520086366583793
-6.277703770930165
-0.17061743483947586
-0.242394459274111
-6.34947849237285
-6.520086366583793
-2.6179526972206735
-0.22778096474208467
0.0
5.454010775494153
-2.4184000729567114
5.454007686488243
-24.637686995631604
-0.4634146428493322
-2.4184187383473597
5.453994382656361
5.454033191193343
5.454028696562787
-12.599719426320108
9.474329032910028
18.87934023262499
-2.4183936642810364
5.454014686110458
-10.97408794102834
25.0
-0.4634100844885009
0.7266040532435544
3.595994239186166
1.3992379453976285
-6.520084535892771
0.7265748257859296
3.595994823686064
3.5959682352851847
3.5960035627014664
1.464799103776459
2.1421361179749003
1.5120725829584167
0.7265956204233819
3.5960060169008763
1.5239851420929897
-3.442266301011534
-6.5200879642419105
0.7266137824744161
9.904614428551394
-6.349462204705717
11.906162880491992
0.726603327331279
0.7265963638671264
0.7265833033515079
7.80760367919065
-13.258607861790992
-7.935106445526353
11.906162110959263
0.7265980947824112
-4.427100337284999
10.178547547108352
-6.349470224108736
1.3992173434217978
-6.520084535892771
0.7266330194413846
3.595990623424965
3.5960112361721093
3.596012746499772
1.464819611444848
2.1421675542127625
1.5120813579137133
0.7265946313240046
3.5960465739462237
1.5239882101142623
-3.4422618705987733
-6.5200879642419105
-6.193482326685564
9.904626883800743
1.3992296771293553
1.399222024024175
1.399233929783923
-1.0271595199192487
-10.595557841117442
1.682983321504371
9.904627478101556
1.3992360921707465
12.271038087732936
-22.20209064496353
-6.193478436237753
-6.349462204705717
-6.520084535892771
-6.520084535892771
-6.520084535892771
-6.277705625439749
-0.170618850213719
-0.24238403127443817
-6.349462204705717
-6.520084535892771
-2.6179390269169653
-0.22776664193033744
0.0
0.7266099061234118
0.7265924671629587
0.7266083924475508
7.807634370659439
-13.25861524938084
-7.935111707499574
11.906147429414233
0.7265862467755444
-4.42708253319668
10.17857472133086
-6.349470224108736
3.5959888889669624
3.5960184853643624
1.4647946342888534
2.1421397173304384
1.5120814896428285
0.7265875894115149
3.596043315847112
1.5240559041421835
-3.4422568017168476
-6.5200879642419105
3.596036358493009
1.464831011987512
2.142160380860353
1.5121045509012243
0.7266095221975366
3.596034758941423
1.5240351079486498
-3.442286953510757
-6.5200879642419105
1.4648137465736912
2.142160963581039
1.5120821295422942
0.7265797471155185
3.5959980449789346
1.524001326445892
-3.442281236954855
-6.5200879642419105
-8.676642991258557
-25.0
7.8076128476516535
1.4648143631373352
-10.596336066162033
-11.42622270445398
-6.277704640737429
11.053746317976543
-13.258604354917168
2.1421487982419984
7.09887517546644
-13.3548394078011
-0.1706221156964086
-7.935108941326663
1.512087959924056
13.014871604338817
8.582256705733803
-0.24239190990416934
0.7265582706143783
-4.427062122157878
10.17855528531784
-6.349468361688147
1.52397149693309
-3.442305361989404
-6.520086462988095
-8.2278831540294
-2.6179342230897786
-0.22776700309710876
