0.1764052345967664
0.040015720836722335
0.09787379841057392
0.2240893199201458
0.18675579901499675
-0.0977277879876411
0.09500884175255894
-0.01513572082976979
-0.010321885179355785
0.04105985019383723
0.014404357116087799
0.1454273506962975
0.07610377251469935
0.012167501649282842
0.04438632327454257
0.033367432737426685
0.14940790731576062
-0.020515826376580087
0.03130677016509014
-0.08540957393017248
-0.25529898158340786
0.06536185954403606
0.08644361988595058
-0.0742165020406442
0.22697546239876076
-0.1454365674598765
0.004575851730144607
-0.01871838500258336
0.15327792143584576
0.1469358769900285
0.015494742569691631
0.03781625196021736
-0.08877857476301128
-0.1980796468223927
-0.034791214932615264
0.015634896910398006
0.12302906807277209
0.12023798487844113
-0.03873268174079523
-0.03023027505753356
-0.10485529650670927
-0.14200179371789753
-0.17062701906250127
0.19507753952317897
-0.050965218175165354
-0.04380743016111864
-0.12527953600499261
0.07774903558319102
-0.16138978475579516
-0.02127402802139687
-0.08954665611936757
0.0386902497859262
-0.051080513756887304
-0.11806321841224121
-0.002818222833865487
