0.1449874267502463
0.05484246945108695
0.10712870952384307
0.2711870686740046
0.15146887416537463
-0.06387578471963196
0.13054451736951955
-0.025591464003991315
-0.014612645282589015
0.020614343328427015
-0.00222071737353724
0.12886817138776566
0.03152334749335595
-0.05035311443624024
0.02731461507553612
0.021375898919374803
0.1015363427637703
-0.03173558968197661
0.03885483914598785
-0.09377765421879054
-0.239089226059885
0.07477506856479792
0.011805694746577647
-0.056058701750521626
0.18170232325614982
-0.05420340384607034
0.06186299422612202
-0.10265166960983024
0.23201871714540725
0.09104939877759193
0.0316663455337625
0.048080646783853404
-0.11259736568880847
-0.17518560827201446
-0.04239461334780167
0.068951185420181
0.06712754767112412
0.1120760613932804
-0.03771356989274354
0.03915789308685359
-0.03579312053414751
-0.1472590623871864
-0.13774742654015304
0.18446829673325932
-0.046890187129076666
-0.0976434696575952
-0.0706538038368352
0.07402053235778981
-0.09538937452253113
0.07455791974991477
-0.04899759220772612
0.022497492377127584
-0.07421031095551059
-0.10055906699169812
-0.00026961322725813184
0.05524651351975617
0.03422342370100767
0.10351214867686775
-0.11897535718809849
-0.08408498594131253
-0.1493175690471866
-0.035834069871007165
-0.07033572196354831
-0.2021574685461334
0.07450721999405735
-0.03668673752884288
-0.1901248800594616
0.02673764619818239
-0.12569186947283292
0.05405026401016569
0.09941190966588417
0.004551592522296334
0.17694283668487457
-0.11146356317801304
0.06609246026584151
-0.01903886954879521
-0.09627672388201759
-0.04468406297447207
-0.010295693122866387
0.020485171176581083
-0.11633738713225598
0.16966988626558555
0.14777443819745215
-0.13731532967751064
0.18646790307904443
0.1305661277415825
0.12510325847136983
0.020644842929456706
-0.12376948833934893
0.0723213035778198
-0.09326511387734138
0.06038357775114098
0.01062035653290745
0.053676458221469055
0.07696815747493407
0.09128954632631739
-0.014659441835681016
0.07507593109711777
0.03917630769789559
-0.05196128819139969
0.27713466302871936
-0.11702126054275086
-0.15657118912336468
0.07310497234989294
-0.10360734970600281
0.13285809108406585
0.034546121641886654
-0.03732602348636895
0.11878217100249812
0.16121924685519676
0.156430970454142
0.0827587700200438
-0.028464911365143463
0.1229851710065036
-0.057576379050247796
0.1006207484820737
0.056482162613683225
0.056416790858467854
0.025077946532512847
0.07153927235220607
0.1086499214089916
-0.18151368186062425
0.07454396662886588
0.08030467282835795
-0.052600357373853615
0.04706742383905607
0.016947582300448315
0.18615832280448558
0.0411707239082646
0.06666638066814791
-0.07219633859388491
-0.035812924087187586
-0.10016520304952053
-0.037926812534814426
-0.031222903166284222
0.07762531003181156
0.07199526199760108
-0.060064198289619786
0.005700727862506855
-0.1412417829937491
-0.11488085374064794
0.014154276457272508
-0.017016029110715532
0.08217654273535512
0.2151976198266436
0.04865996673747495
-0.04189236947904321
0.1301611986202425
-0.22488843618452065
-0.11221679550567046
0.007876993905707098
0.18000966098243712
-0.12916622249979973
-0.10221678711971359
0.03547210520177094
-0.027073602130665293
0.12014590771200705
-0.11587358067423102
-0.15237149122662408
0.012868878961327972
-0.10211373811517689
0.1731117504928597
0.09722124937796671
0.07121275236224354
-0.11371972667098411
0.12617358683217614
-0.09079648666057084
-0.1637579200703983
0.08973435950035161
0.024862980750006394
0.12840481596227293
0.052837876203093104
0.033718092239858194
-0.059490812768268814
-0.10911677174015395
0.10545399419054582
-0.04091564695897974
0.02571071337796258
-0.08522007991176539
0.01298906351217577
-0.08556801105914569
-0.11661728279909116
-0.06291754371596556
-0.23490092346624902
0.11330926678115677
-0.12636306684900872
-0.08828143788105343
-0.014222116517573118
-0.11271571886949515
0.22362079663624343
-0.1260686944845317
0.05849610084213481
-0.010731086074729687
-0.14160615832634055
0.04809584072279364
0.016465099578737305
0.11131307829117085
0.05770545269432884
0.2467540545061637
0.14336117831415493
0.0027039813533475477
-0.014645567324570051
0.14607663538469237
0.05393238014299439
0.05563268825381287
-0.25441570201557895
-0.0014294276760413514
-0.03565647677458273
0.009470546526315085
-0.008046162609507941
