0.1490714641688169
0.02955665970425525
0.08047985260480295
0.2191470566768563
0.16490760650206782
-0.08031114613104817
0.07068818633030649
-0.0058075597604788365
-0.01107204719779778
0.040671279279484385
0.03523150003745629
0.13027838967460859
0.0900787638437841
-0.009191222361291773
0.044791526062007536
0.035214874148526865
0.14891997739757684
-0.01582155953240985
0.036491475044067356
-0.08287332553182253
-0.2567480187941935
0.06884659043514899
0.07978738302736026
-0.07325117567671376
0.21228144574735847
-0.14140827811414045
0.015536081921222553
-0.02441422350964999
0.16435244780377165
0.15265973698591623
0.03228067914948703
0.025328757880211827
-0.09752913537550129
-0.1834932001653987
-0.017682856509340466
0.02972967389431698
0.12861645998963098
0.13913051831349185
-0.030082915295380635
-0.006731885906888657
-0.10904445466265018
-0.14121718206134895
-0.1605158862638963
0.18858641107000826
-0.057004999198163875
-0.05797534543518796
-0.11080886567373227
0.08353210863348261
-0.15565491547972363
-0.011936057610910638
-0.06894462053648649
0.035644144776858885
-0.02695642308410295
-0.11247214538038898
-0.012264592023294146
0.05357176614617511
0.011752107850715761
0.03627330785124879
-0.04692233336903148
-0.0439840202884816
-0.0721582917935255
-0.02086269281812849
-0.08284638667859745
-0.15241645010395763
0.025394124110870497
-0.02918089414342493
-0.14134002523426362
0.041310137942221895
-0.07859321463566125
0.006909779615748492
0.07179727337297766
0.01597207494882941
0.11707950284119244
-0.10247357981244704
0.06916781548515624
-0.05546609904103225
-0.09204477018503386
-0.038404879938624986
-0.056482476002709156
0.023343357466792485
-0.12391943287219977
0.11099494992851161
0.048197225661441655
-0.1448423325200392
0.1494967933374395
0.1863767741451514
0.12410976693873411
-0.027556908207509462
-0.11472699433858481
0.10606699062698006
-0.047081123590301394
0.12448493545064886
0.019828533178090066
0.08999790641577327
0.030731657381996687
0.07038701029947611
0.0021877482220385384
0.15801005146164696
0.02215731025724769
0.012772030772360152
0.1890062660845368
-0.1187038270971736
-0.1312150385988587
0.08991331248232182
-0.10840518143956597
0.19834181185079117
-0.030133434249188695
-0.08740476048820538
0.20083342487432626
0.1559731296765935
0.18232130710411398
0.08972022221177664
-0.09673284177655209
0.1608803956408305
-0.019197385980105473
0.09037191248163623
0.08409019920417295
-0.012401468247797875
0.06435158060173395
0.10829228247562436
0.045033212898331954
-0.10642180308671603
0.03606542518366294
0.15009935418665182
-0.06618839713721296
0.00222541414685094
-0.04784504622634837
0.18300911223083002
0.073018579923639
0.05779467957176615
-0.05020463455958263
0.06764848730915042
-0.07768404155700827
-0.004094844822227258
-0.05375944311843116
0.050177431805734876
0.04783057064304865
-0.03477891485338056
0.04079512960269988
-0.12619160628634427
-0.15957960273559682
0.030538893153463594
0.010456995784173313
0.0569180507191284
0.2412786135896647
0.09788771670257365
-0.07957084777324981
0.1145916759150093
-0.15100548348588197
-0.0473650430187652
0.005183905640512533
0.15801585488246878
-0.07103275594429445
-0.0783887158821553
0.0004064315373878406
-0.05402014100994397
0.11943917458648406
-0.10069548408424009
-0.08892008326009457
-0.024735376768064712
-0.043362391937623444
0.18877946028690465
0.09773712076286566
0.005127239857787935
-0.11059136863903579
0.07011107463369201
-0.10527148089462085
-0.14313083736792478
0.13424130110874616
0.03258061884076019
0.05941436408149801
0.025993256013961376
0.07015099012378492
-0.07340668283463751
-0.11150752841519786
0.05616874298206252
-0.06347858061928914
-0.059161230446677
-0.041075198377880366
-0.018758741195410978
-0.03970544649705307
-0.12586515953517835
-0.0567037598194383
-0.21006757863099002
0.07650158604612502
-0.17038852689901748
-0.10738554673704025
0.010968106201054359
-0.06769704944038717
0.16827650186940576
-0.12191538768784034
0.019434141554974346
-0.006924774150871127
-0.10859041078611269
0.058486544896610634
-0.027311583114322868
0.07238871694438877
0.07334270096954842
0.21221316644672622
0.1523372064731233
-0.04388024644601438
-0.03342228302705139
0.1140629710864262
0.06405501336333289
0.055525548824139716
-0.16429183743844988
-0.011040770953046782
-0.06414803964079413
0.028599432852920145
-0.01567936816464433
