0.1660357338186781
0.019390034459707134
0.08447808682973267
0.2302291444749042
0.17314482544366272
-0.08587055830502772
0.0933938419082879
-0.00585963084729816
-0.009694798899458706
0.04867720142390769
0.024845718257487652
0.13901820550763525
0.07672356594037841
0.03547333926112694
0.03424613820234426
0.032486004944787775
0.14725621050457635
-0.011720561070562985
0.04043295196340569
-0.07466919594609817
-0.22575032907695403
0.06767627423822176
0.06733728250419503
-0.07246329095036927
0.21253709338517632
-0.13022906787251767
0.009789258600618182
-0.002115029600440879
0.13847083350702527
0.1430484689514418
0.012802047220332863
0.025220602592911225
-0.09273035988692603
-0.20453636467497252
-0.03816695241864993
0.006598188455412455
0.10995345325546557
0.12472155509197422
-0.04172606167157769
-0.010865732326412634
-0.1019047218846017
-0.15297776737458824
-0.1701501624653856
0.19973249930341183
-0.05251996370604013
-0.05034069964507955
-0.10535422684400038
0.06688442528032042
-0.15111084995823315
-0.014567855889126749
-0.09145331138444274
0.04465740619330661
-0.054588359436808905
-0.11954599121360471
-0.006647169691491901
